pd = 36.0
ph = 0.8520000000000001
bbl = 32.2
lb = 19.6
mult = 4.1

rsi_interval = 5.4399999999999995
rsi_long = 25.57
rsi_short = 77.25

fastrsi = 4.5200000000000005
slowrsi = 16.560000000000002



